1 1 2 14.306084
2 1 3 4.746436
3 1 4 3.435713
4 1 5 23.723394
5 1 6 22.256716
6 1 7 24.727591
7 1 8 65.577086
8 1 9 7.494001
9 1 10 10.768295
10 2 1 14.306084
12 2 3 10.127484
13 2 4 15.260964
14 2 5 37.811409
15 2 6 36.219332
16 2 7 38.725566
17 2 8 79.749493
18 2 9 19.794454
19 2 10 23.899399
20 3 1 4.746436
21 3 2 10.127484
23 3 4 5.153524
24 3 5 27.700663
25 3 6 26.093643
26 3 7 28.601336
27 3 8 69.645254
28 3 9 9.807964
29 3 10 13.825251
30 4 1 3.435713
31 4 2 15.260964
32 4 3 5.153524
34 4 5 22.644237
35 4 6 20.994686
36 4 7 23.507373
37 4 8 64.582458
38 4 9 4.744748
39 4 10 8.674667
40 5 1 23.723394
41 5 2 37.811409
42 5 3 27.700663
43 5 4 22.644237
45 5 6 2.011584
46 5 7 1.391639
47 5 8 41.945244
48 5 9 18.581287
49 5 10 14.427320
50 6 1 22.256716
51 6 2 36.219332
52 6 3 26.093643
53 6 4 20.994686
54 6 5 2.011584
56 6 7 2.515644
57 6 8 43.604435
58 6 9 16.806415
59 6 10 12.626199
60 7 1 24.727591
61 7 2 38.725566
62 7 3 28.601336
63 7 4 23.507373
64 7 5 1.391639
65 7 6 2.515644
67 7 8 41.088802
68 7 9 19.317083
69 7 10 15.133519
70 8 1 65.577086
71 8 2 79.749493
72 8 3 69.645254
73 8 4 64.582458
74 8 5 41.945244
75 8 6 43.604435
76 8 7 41.088802
78 8 9 60.380905
79 8 10 56.189280
80 9 1 7.494001
81 9 2 19.794454
82 9 3 9.807964
83 9 4 4.744748
84 9 5 18.581287
85 9 6 16.806415
86 9 7 19.317083
87 9 8 60.380905
89 9 10 4.192102
90 10 1 10.768295
91 10 2 23.899399
92 10 3 13.825251
93 10 4 8.674667
94 10 5 14.427320
95 10 6 12.626199
96 10 7 15.133519
97 10 8 56.189280
98 10 9 4.192102
