1 1 2 14.306084
2 1 3 4.746436
3 1 4 3.435713
4 1 5 23.723394
5 1 6 22.256716
6 1 7 24.727591
7 1 8 65.577086
8 1 9 18.468106
9 1 10 7.494001
10 1 11 10.768295
11 1 12 16.086124
12 1 13 24.949232
13 1 14 63.149884
14 1 15 180.433761
15 1 16 170.377650
16 1 17 68.258511
17 1 18 68.258511
18 1 19 224.873477
19 1 20 189.680303
20 2 1 14.306084
22 2 3 10.127484
23 2 4 15.260964
24 2 5 37.811409
25 2 6 36.219332
26 2 7 38.725566
27 2 8 79.749493
28 2 9 5.566707
29 2 10 19.794454
30 2 11 23.899399
31 2 12 29.687874
32 2 13 38.833960
33 2 14 77.285585
34 2 15 166.134387
35 2 16 156.077643
36 2 17 53.957530
37 2 18 82.370910
38 2 19 210.573686
39 2 20 175.378938
40 3 1 4.746436
41 3 2 10.127484
43 3 4 5.153524
44 3 5 27.700663
45 3 6 26.093643
46 3 7 28.601336
47 3 8 69.645254
48 3 9 13.825251
49 3 10 9.807964
50 3 11 13.825251
51 3 12 19.573709
52 3 13 28.706785
53 3 14 67.171395
54 3 15 176.146831
55 3 16 166.088341
56 3 17 63.884088
57 3 18 72.251532
58 3 19 220.582822
59 3 20 185.383187
60 4 1 3.435713
61 4 2 15.260964
62 4 3 5.153524
64 4 5 22.644237
65 4 6 20.994686
66 4 7 23.507373
67 4 8 64.582458
68 4 9 18.581287
69 4 10 4.744748
70 4 11 8.674667
71 4 12 14.427320
72 4 13 23.584164
73 4 14 62.092110
74 4 15 181.138569
75 4 16 171.079295
76 4 17 68.836126
77 4 18 67.161190
78 4 19 225.569806
79 4 20 190.367837
80 5 1 23.723394
81 5 2 37.811409
82 5 3 27.700663
83 5 4 22.644237
85 5 6 2.011584
86 5 7 1.391639
87 5 8 41.945244
88 5 9 41.148793
89 5 10 18.581287
90 5 11 14.427320
91 5 12 8.674667
92 5 13 2.374180
93 5 14 39.474252
94 5 15 203.772264
95 5 16 193.712803
96 5 17 91.454886
97 5 18 44.564313
98 5 19 248.200173
99 5 20 212.997507
100 6 1 22.256716
101 6 2 36.219332
102 6 3 26.093643
103 6 4 20.994686
104 6 5 2.011584
106 6 7 2.515644
107 6 8 43.604435
108 6 9 39.424356
109 6 10 16.806415
110 6 11 12.626199
111 6 12 6.799188
112 6 13 2.749708
113 6 14 41.100679
114 6 15 202.065036
115 6 16 192.005552
116 6 17 89.737902
117 6 18 46.166505
118 6 19 246.487559
119 6 20 211.284693
120 7 1 24.727591
121 7 2 38.725566
122 7 3 28.601336
123 7 4 23.507373
124 7 5 1.391639
125 7 6 2.515644
127 7 8 41.088802
128 7 9 41.938860
129 7 10 19.317083
130 7 11 15.133519
131 7 12 9.289948
132 7 13 1.110583
133 7 14 38.586214
134 7 15 204.579903
135 7 16 194.520425
136 7 17 92.252364
137 7 18 43.654336
138 7 19 249.002038
139 7 20 213.799185
140 8 1 65.577086
141 8 2 79.749493
142 8 3 69.645254
143 8 4 64.582458
144 8 5 41.945244
145 8 6 43.604435
146 8 7 41.088802
148 8 9 83.016917
149 8 10 60.380905
150 8 11 56.189280
151 8 12 50.321210
152 8 13 41.100679
153 8 14 2.749708
154 8 15 245.655569
155 8 16 235.596325
156 8 17 133.325477
157 8 18 3.355610
158 8 19 290.071307
159 8 20 254.869143
160 9 1 18.468106
161 9 2 5.566707
162 9 3 13.825251
163 9 4 18.581287
164 9 5 41.148793
165 9 6 39.424356
166 9 7 41.938860
167 9 8 83.016917
169 9 10 22.637340
170 9 11 26.829436
171 9 12 32.698366
172 9 13 41.920959
173 9 14 80.487944
174 9 15 162.641569
175 9 16 152.582130
176 9 17 50.313546
177 9 18 85.519080
178 9 19 207.063209
179 9 20 171.860346
180 10 1 7.494001
181 10 2 19.794454
182 10 3 9.807964
183 10 4 4.744748
184 10 5 18.581287
185 10 6 16.806415
186 10 7 19.317083
187 10 8 60.380905
188 10 9 22.637340
190 10 11 4.192102
191 10 12 10.061043
192 10 13 19.283662
193 10 14 57.850852
194 10 15 185.275116
195 10 16 175.215799
196 10 17 72.945162
197 10 18 62.886347
198 10 19 229.693390
199 10 20 194.490784
200 11 1 10.768295
201 11 2 23.899399
202 11 3 13.825251
203 11 4 8.674667
204 11 5 14.427320
205 11 6 12.626199
206 11 7 15.133519
207 11 8 56.189280
208 11 9 26.829436
209 11 10 4.192102
211 11 12 5.868942
212 11 13 15.091563
213 11 14 53.658781
214 11 15 189.466478
215 11 16 179.407189
216 11 17 77.136430
217 11 18 58.695301
218 11 19 233.884130
219 11 20 198.681598
220 12 1 16.086124
221 12 2 29.687874
222 12 3 19.573709
223 12 4 14.427320
224 12 5 8.674667
225 12 6 6.799188
226 12 7 9.289948
227 12 8 50.321210
228 12 9 32.698366
229 12 10 10.061043
230 12 11 5.868942
232 12 13 9.222623
233 12 14 47.789874
234 12 15 195.334364
235 12 16 185.275116
236 12 17 83.004271
237 12 18 52.828016
238 12 19 239.751144
239 12 20 204.548728
240 13 1 24.949232
241 13 2 38.833960
242 13 3 28.706785
243 13 4 23.584164
244 13 5 2.374180
245 13 6 2.749708
246 13 7 1.110583
247 13 8 41.100679
248 13 9 41.920959
249 13 10 19.283662
250 13 11 15.091563
251 13 12 9.222623
253 13 14 38.567291
254 13 15 204.555275
255 13 16 194.496096
256 13 17 92.225282
257 13 18 43.608615
258 13 19 248.970685
259 13 20 213.768476
260 14 1 63.149884
261 14 2 77.285585
262 14 3 67.171395
263 14 4 62.092110
264 14 5 39.474252
265 14 6 41.100679
266 14 7 38.586214
267 14 8 2.749708
268 14 9 80.487944
269 14 10 57.850852
270 14 11 53.658781
271 14 12 47.789874
272 14 13 38.567291
274 14 15 243.114633
275 14 16 233.055808
276 14 17 130.786568
277 14 18 5.151281
278 14 19 287.524267
279 14 20 252.323227
280 15 1 180.433761
281 15 2 166.134387
282 15 3 176.146831
283 15 4 181.138569
284 15 5 203.772264
285 15 6 202.065036
286 15 7 204.579903
287 15 8 245.655569
288 15 9 162.641569
289 15 10 185.275116
290 15 11 189.466478
291 15 12 195.334364
292 15 13 204.555275
293 15 14 243.114633
295 15 16 10.059510
296 15 17 112.330093
297 15 18 248.122610
298 15 19 44.439931
299 15 20 9.287158
300 16 1 170.377650
301 16 2 156.077643
302 16 3 166.088341
303 16 4 171.079295
304 16 5 193.712803
305 16 6 192.005552
306 16 7 194.520425
307 16 8 235.596325
308 16 9 152.582130
309 16 10 175.215799
310 16 11 179.407189
311 16 12 185.275116
312 16 13 194.496096
313 16 14 233.055808
314 16 15 10.059510
316 16 17 102.270855
317 16 18 238.064499
318 16 19 54.496055
319 16 20 19.311215
320 17 1 68.258511
321 17 2 53.957530
322 17 3 63.884088
323 17 4 68.836126
324 17 5 91.454886
325 17 6 89.737902
326 17 7 92.252364
327 17 8 133.325477
328 17 9 50.313546
329 17 10 72.945162
330 17 11 77.136430
331 17 12 83.004271
332 17 13 92.225282
333 17 14 130.786568
334 17 15 112.330093
335 17 16 102.270855
337 17 18 135.801432
338 17 19 156.749674
339 17 20 121.546823
340 18 1 68.258511
341 18 2 82.370910
342 18 3 72.251532
343 18 4 67.161190
344 18 5 44.564313
345 18 6 46.166505
346 18 7 43.654336
347 18 8 3.355610
348 18 9 85.519080
349 18 10 62.886347
350 18 11 58.695301
351 18 12 52.828016
352 18 13 43.608615
353 18 14 5.151281
354 18 15 248.122610
355 18 16 238.064499
356 18 17 135.801432
358 18 19 292.524257
359 18 20 257.325220
360 19 1 224.873477
361 19 2 210.573686
362 19 3 220.582822
363 19 4 225.569806
364 19 5 248.200173
365 19 6 246.487559
366 19 7 249.002038
367 19 8 290.071307
368 19 9 207.063209
369 19 10 229.693390
370 19 11 233.884130
371 19 12 239.751144
372 19 13 248.970685
373 19 14 287.524267
374 19 15 44.439931
375 19 16 54.496055
376 19 17 156.749674
377 19 18 292.524257
379 19 20 35.202887
380 20 1 189.680303
381 20 2 175.378938
382 20 3 185.383187
383 20 4 190.367837
384 20 5 212.997507
385 20 6 211.284693
386 20 7 213.799185
387 20 8 254.869143
388 20 9 171.860346
389 20 10 194.490784
390 20 11 198.681598
391 20 12 204.548728
392 20 13 213.768476
393 20 14 252.323227
394 20 15 9.287158
395 20 16 19.311215
396 20 17 121.546823
397 20 18 257.325220
398 20 19 35.202887
